0 0.3958333333333333 0.5146276595744681 0.017857142857142856 0.0398936170212766
0 0.640625 0.535904255319149 0.028273809523809524 0.05585106382978723
1 0.22321428571428573 0.4773936170212766 0.09523809523809523 0.23670212765957446
1 0.6502976190476191 0.4853723404255319 0.0625 0.15691489361702127
2 0.04017857142857143 0.40824468085106386 0.07738095238095238 0.22074468085106383
2 0.41517857142857145 0.42021276595744683 0.047619047619047616 0.22340425531914893
2 0.7075892857142857 0.4162234042553192 0.13541666666666666 0.300531914893617
3 0.4732142857142857 0.46143617021276595 0.008928571428571428 0.07180851063829788
3 0.5357142857142857 0.4640957446808511 0.008928571428571428 0.07180851063829788
4 0.5044642857142857 0.46143617021276595 0.07142857142857142 0.07712765957446809
