1 0.47767857142857145 0.4773936170212766 0.047619047619047616 0.1356382978723404
1 0.3400297619047619 0.4787234042553192 0.06994047619047619 0.19680851063829788
0 0.6845238095238095 0.5199468085106383 0.023809523809523808 0.04521276595744681
2 0.15104166666666666 0.4095744680851064 0.12053571428571429 0.21808510638297873
0 0.7663690476190477 0.4946808510638298 0.01488095238095238 0.031914893617021274
2 0.6569940476190477 0.4095744680851064 0.06696428571428571 0.2553191489361702
0 0.26785714285714285 0.49867021276595747 0.020833333333333332 0.0398936170212766
0 0.4114583333333333 0.6263297872340425 0.06398809523809523 0.11436170212765957
2 0.8474702380952381 0.4295212765957447 0.03720238095238095 0.14095744680851063
2 0.7247023809523809 0.42686170212765956 0.03273809523809524 0.15691489361702127
