2 0.11532738095238096 0.4095744680851064 0.08779761904761904 0.2127659574468085
2 0.4322916666666667 0.4175531914893617 0.06101190476190476 0.22872340425531915
2 0.6897321428571429 0.4029255319148936 0.14732142857142858 0.36436170212765956
0 0.15029761904761904 0.4933510638297872 0.020833333333333332 0.034574468085106384
0 0.47619047619047616 0.5132978723404256 0.020833333333333332 0.047872340425531915
0 0.6063988095238095 0.550531914893617 0.03125 0.05319148936170213
1 0.22247023809523808 0.4800531914893617 0.09077380952380952 0.23670212765957446
1 0.6205357142857143 0.49069148936170215 0.06845238095238096 0.18882978723404256
3 0.5342261904761905 0.4640957446808511 0.008928571428571428 0.07180851063829788
3 0.4724702380952381 0.4587765957446808 0.010416666666666666 0.06648936170212766
4 0.5044642857142857 0.4627659574468085 0.07142857142857142 0.06914893617021277
