1 0.47767857142857145 0.4773936170212766 0.047619047619047616 0.1356382978723404
1 0.3400297619047619 0.4787234042553192 0.06994047619047619 0.19680851063829788
0 0.7291666666666666 0.5172872340425532 0.023809523809523808 0.0398936170212766
2 0.8244047619047619 0.4228723404255319 0.050595238095238096 0.19148936170212766
2 0.31919642857142855 0.40691489361702127 0.06101190476190476 0.24468085106382978
0 0.765625 0.49601063829787234 0.01636904761904762 0.02925531914893617
2 0.7723214285714286 0.4162234042553192 0.05952380952380952 0.2526595744680851
0 0.17633928571428573 0.4800531914893617 0.01636904761904762 0.034574468085106384
0 0.4010416666666667 0.5026595744680851 0.019345238095238096 0.03723404255319149
2 0.9456845238095238 0.43617021276595747 0.03125 0.13297872340425532
