1 0.47767857142857145 0.4773936170212766 0.047619047619047616 0.1356382978723404
1 0.3400297619047619 0.4787234042553192 0.06994047619047619 0.19680851063829788
0 0.6235119047619048 0.5132978723404256 0.023809523809523808 0.0425531914893617
2 0.14285714285714285 0.4109042553191489 0.050595238095238096 0.21010638297872342
0 0.7663690476190477 0.4946808510638298 0.01488095238095238 0.031914893617021274
2 0.6465773809523809 0.4095744680851064 0.05803571428571429 0.24468085106382978
0 0.17261904761904762 0.48936170212765956 0.017857142857142856 0.03723404255319149
0 0.5245535714285714 0.5811170212765957 0.04017857142857143 0.08244680851063829
2 0.859375 0.4321808510638298 0.03422619047619048 0.14095744680851063
2 0.7247023809523809 0.42686170212765956 0.03273809523809524 0.15691489361702127
