0 0.7581845238095238 0.5412234042553191 0.03422619047619048 0.05585106382978723
0 0.1488095238095238 0.4973404255319149 0.023809523809523808 0.03723404255319149
1 0.22247023809523808 0.48138297872340424 0.08779761904761904 0.23404255319148937
1 0.11160714285714286 0.5930851063829787 0.22023809523809523 0.8138297872340425
2 0.7514880952380952 0.4015957446808511 0.06845238095238096 0.31382978723404253
3 0.4724702380952381 0.46143617021276595 0.00744047619047619 0.06648936170212766
3 0.5342261904761905 0.4640957446808511 0.008928571428571428 0.06648936170212766
4 0.5037202380952381 0.46143617021276595 0.07291666666666667 0.07180851063829788
2 0.20535714285714285 0.41888297872340424 0.05654761904761905 0.1675531914893617
2 0.24032738095238096 0.4601063829787234 0.47767857142857145 0.9148936170212766
