1 0.47767857142857145 0.4773936170212766 0.047619047619047616 0.1356382978723404
1 0.3400297619047619 0.4787234042553192 0.06994047619047619 0.19680851063829788
0 0.6190476190476191 0.5093085106382979 0.017857142857142856 0.034574468085106384
2 0.15029761904761904 0.4122340425531915 0.06547619047619048 0.2074468085106383
0 0.7663690476190477 0.4946808510638298 0.01488095238095238 0.031914893617021274
2 0.6629464285714286 0.4095744680851064 0.046130952380952384 0.24468085106382978
0 0.18377976190476192 0.4853723404255319 0.019345238095238096 0.0398936170212766
0 0.5900297619047619 0.5518617021276596 0.03125 0.06648936170212766
2 0.8764880952380952 0.4375 0.03571428571428571 0.1356382978723404
2 0.7247023809523809 0.42686170212765956 0.03273809523809524 0.15691489361702127
