0 0.03050595238095238 0.49601063829787234 0.03125 0.034574468085106384
1 0.22470238095238096 0.48271276595744683 0.09226190476190477 0.22606382978723405
1 0.6540178571428571 0.4734042553191489 0.03720238095238095 0.09042553191489362
0 0.5081845238095238 0.5186170212765957 0.025297619047619048 0.0425531914893617
0 0.6741071428571429 0.5053191489361702 0.011904761904761904 0.031914893617021274
2 0.4166666666666667 0.4148936170212766 0.05654761904761905 0.25
2 0.640625 0.43351063829787234 0.06101190476190476 0.18085106382978725
3 0.47172619047619047 0.46143617021276595 0.01488095238095238 0.06648936170212766
3 0.5342261904761905 0.46143617021276595 0.01488095238095238 0.06648936170212766
4 0.5022321428571429 0.4640957446808511 0.07589285714285714 0.06648936170212766
