0 0.029017857142857144 0.4933510638297872 0.025297619047619048 0.034574468085106384
2 0.018601190476190476 0.44680851063829785 0.03422619047619048 0.1276595744680851
2 0.4494047619047619 0.41888297872340424 0.044642857142857144 0.22074468085106383
2 0.7433035714285714 0.42686170212765956 0.11160714285714286 0.2473404255319149
1 0.22544642857142858 0.4773936170212766 0.09672619047619048 0.23670212765957446
1 0.6941964285714286 0.4853723404255319 0.05803571428571429 0.1356382978723404
0 0.4888392857142857 0.5093085106382979 0.022321428571428572 0.04521276595744681
0 0.6882440476190477 0.5226063829787234 0.022321428571428572 0.04521276595744681
3 0.5364583333333334 0.4601063829787234 0.010416666666666666 0.06914893617021277
3 0.47172619047619047 0.4587765957446808 0.008928571428571428 0.06648936170212766
4 0.5066964285714286 0.4601063829787234 0.07291666666666667 0.06382978723404255
