0 0.15029761904761904 0.49601063829787234 0.020833333333333332 0.034574468085106384
0 0.36086309523809523 0.663563829787234 0.06994047619047619 0.13031914893617022
0 0.7083333333333334 0.5226063829787234 0.023809523809523808 0.04521276595744681
1 0.22544642857142858 0.4787234042553192 0.09077380952380952 0.2393617021276596
1 0.41294642857142855 0.5199468085106383 0.14136904761904762 0.40691489361702127
2 0.6815476190476191 0.41356382978723405 0.0625 0.24202127659574468
2 0.5215773809523809 0.3497340425531915 0.27232142857142855 0.6941489361702128
2 0.20238095238095238 0.4162234042553192 0.044642857142857144 0.19414893617021275
3 0.4732142857142857 0.4587765957446808 0.011904761904761904 0.06648936170212766
3 0.5357142857142857 0.4587765957446808 0.008928571428571428 0.06648936170212766
4 0.5037202380952381 0.4574468085106383 0.07291666666666667 0.06382978723404255
