0 0.029017857142857144 0.49069148936170215 0.028273809523809524 0.04521276595744681
0 0.46875 0.5132978723404256 0.023809523809523808 0.047872340425531915
0 0.6726190476190477 0.5279255319148937 0.023809523809523808 0.04521276595744681
1 0.22247023809523808 0.4800531914893617 0.09077380952380952 0.23138297872340424
1 0.6822916666666666 0.48138297872340424 0.052083333333333336 0.14361702127659576
2 0.43601190476190477 0.4175531914893617 0.05357142857142857 0.2127659574468085
2 0.734375 0.41888297872340424 0.12053571428571429 0.26861702127659576
3 0.5349702380952381 0.4601063829787234 0.010416666666666666 0.06382978723404255
3 0.4732142857142857 0.46143617021276595 0.011904761904761904 0.061170212765957445
4 0.5044642857142857 0.46143617021276595 0.07142857142857142 0.07180851063829788
