1 0.47767857142857145 0.4773936170212766 0.047619047619047616 0.1356382978723404
1 0.3400297619047619 0.4787234042553192 0.06994047619047619 0.19680851063829788
0 0.6882440476190477 0.5172872340425532 0.028273809523809524 0.05053191489361702
2 0.7589285714285714 0.4228723404255319 0.041666666666666664 0.18085106382978725
2 0.32068452380952384 0.4109042553191489 0.05803571428571429 0.21010638297872342
0 0.765625 0.49601063829787234 0.01636904761904762 0.02925531914893617
2 0.7291666666666666 0.40824468085106386 0.05654761904761905 0.2632978723404255
0 0.1793154761904762 0.4853723404255319 0.01636904761904762 0.034574468085106384
0 0.5104166666666666 0.5066489361702128 0.017857142857142856 0.034574468085106384
2 0.9248511904761905 0.4348404255319149 0.03422619047619048 0.1356382978723404
