0 0.03050595238095238 0.4946808510638298 0.028273809523809524 0.03723404255319149
0 0.4255952380952381 0.5079787234042553 0.017857142857142856 0.03723404255319149
0 0.6555059523809523 0.535904255319149 0.028273809523809524 0.05053191489361702
1 0.22395833333333334 0.4800531914893617 0.09672619047619048 0.23670212765957446
1 0.6651785714285714 0.4853723404255319 0.05654761904761905 0.14095744680851063
2 0.41443452380952384 0.4228723404255319 0.043154761904761904 0.2127659574468085
2 0.7194940476190477 0.42154255319148937 0.12351190476190477 0.2845744680851064
2 0.018601190476190476 0.40558510638297873 0.03422619047619048 0.19946808510638298
3 0.4732142857142857 0.46143617021276595 0.011904761904761904 0.061170212765957445
3 0.5349702380952381 0.4627659574468085 0.00744047619047619 0.06914893617021277
4 0.5029761904761905 0.4640957446808511 0.07142857142857142 0.06648936170212766
