2 0.06473214285714286 0.4109042553191489 0.05803571428571429 0.2154255319148936
2 0.4174107142857143 0.4148936170212766 0.043154761904761904 0.23404255319148937
2 0.6994047619047619 0.40558510638297873 0.14583333333333334 0.34308510638297873
1 0.22395833333333334 0.4867021276595745 0.09375 0.22872340425531915
1 0.6361607142857143 0.4933510638297872 0.06398809523809523 0.1622340425531915
0 0.11830357142857142 0.49601063829787234 0.025297619047619048 0.034574468085106384
0 0.4382440476190476 0.5146276595744681 0.019345238095238096 0.0398936170212766
0 0.6235119047619048 0.5412234042553191 0.02976190476190476 0.05585106382978723
3 0.4732142857142857 0.4627659574468085 0.011904761904761904 0.06914893617021277
3 0.5349702380952381 0.4627659574468085 0.010416666666666666 0.07446808510638298
4 0.5029761904761905 0.4627659574468085 0.07142857142857142 0.07446808510638298
